SubjectID,SC1,SC2,SC3
HRV10-025,0.000000000000000,1.000000000000000,1.230448921378270
HRV10-013,0.000000000000000,0.000000000000000,0.000000000000000
HRV10-027,0.000000000000000,1.000000000000000,1.041392685158220
HRV10-030,0.000000000000000,1.000000000000000,0.845098040014257
HRV10-002,0.000000000000000,0.000000000000000,0.000000000000000
HRV10-008,1.000000000000000,1.000000000000000,1.041392685158220
HRV10-029,0.000000000000000,1.000000000000000,0.954242509439325
HRV10-001,0.000000000000000,0.000000000000000,0.477121254719662
HRV10-009,1.000000000000000,1.000000000000000,1.342422680822210
HRV10-012,1.000000000000000,1.000000000000000,1.462397997898960
HRV10-020,1.000000000000000,0.000000000000000,0.698970004336019
HRV10-014,1.000000000000000,1.000000000000000,1.041392685158220
HRV10-024,1.000000000000000,1.000000000000000,1.447158031342220
HRV10-022,1.000000000000000,1.000000000000000,1.397940008672040
HRV10-003,0.000000000000000,1.000000000000000,1.380211241711610
HRV10-026,1.000000000000000,1.000000000000000,1.361727836017590
HRV10-016,1.000000000000000,1.000000000000000,1.556302500767290
HRV10-011,1.000000000000000,0.000000000000000,0.778151250383644
