SubjectID,SC1,SC2,SC3
flu013,1.000000000000000,1.000000000000000,0.903089986991944
flu001,1.000000000000000,1.000000000000000,1.414973347970820
flu002,1.000000000000000,0.000000000000000,0.000000000000000
flu003,0.000000000000000,0.000000000000000,0.000000000000000
flu004,1.000000000000000,0.000000000000000,0.000000000000000
flu005,1.000000000000000,1.000000000000000,1.662757831681570
flu006,1.000000000000000,1.000000000000000,1.431363764158990
flu007,1.000000000000000,1.000000000000000,1.491361693834270
flu008,1.000000000000000,1.000000000000000,1.544068044350280
flu009,0.000000000000000,0.000000000000000,0.778151250383644
flu010,1.000000000000000,1.000000000000000,1.176091259055680
flu012,1.000000000000000,1.000000000000000,1.113943352306840
flu014,0.000000000000000,0.000000000000000,0.301029995663981
flu015,1.000000000000000,1.000000000000000,0.903089986991944
flu016,0.000000000000000,0.000000000000000,0.301029995663981
flu017,0.000000000000000,0.000000000000000,0.000000000000000
flu011,0.000000000000000,0.000000000000000,0.698970004336019
