SubjectID,SC1,SC2,SC3
H3N2_DEE2_Subject_1,1,1,1.41497334797082
H3N2_DEE2_Subject_10,1,1,1.17609125905568
H3N2_DEE2_Subject_11,0,0,0.698970004336019
H3N2_DEE2_Subject_12,1,1,1.11394335230684
H3N2_DEE2_Subject_13,1,1,0.903089986991944
H3N2_DEE2_Subject_14,0,0,0.301029995663981
H3N2_DEE2_Subject_15,1,1,0.903089986991944
H3N2_DEE2_Subject_16,0,0,0.301029995663981
H3N2_DEE2_Subject_17,0,0,0.0
H3N2_DEE2_Subject_2,1,0,0.0
H3N2_DEE2_Subject_3,0,0,0.0
H3N2_DEE2_Subject_4,1,0,0.0
H3N2_DEE2_Subject_5,1,1,1.66275783168157
H3N2_DEE2_Subject_6,1,1,1.43136376415899
H3N2_DEE2_Subject_7,1,1,1.49136169383427
H3N2_DEE2_Subject_8,1,1,1.54406804435028
H3N2_DEE2_Subject_9,0,0,0.778151250383644
