SubjectID,SC1,SC2,SC3
RSV004,0.000000000000000,0.000000000000000,0.000000000000000
RSV020,1.000000000000000,1.000000000000000,1.230448921378270
RSV010,0.000000000000000,0.000000000000000,0.477121254719662
RSV009,0.000000000000000,0.000000000000000,0.477121254719662
RSV018,1.000000000000000,1.000000000000000,0.903089986991944
RSV001,1.000000000000000,1.000000000000000,1.447158031342220
RSV016,1.000000000000000,0.000000000000000,0.602059991327962
RSV002,1.000000000000000,1.000000000000000,1.799340549453580
RSV017,0.000000000000000,0.000000000000000,0.477121254719662
RSV019,0.000000000000000,0.000000000000000,0.000000000000000
RSV006,1.000000000000000,1.000000000000000,1.462397997898960
RSV015,1.000000000000000,0.000000000000000,0.477121254719662
RSV013,1.000000000000000,0.000000000000000,0.477121254719662
RSV007,1.000000000000000,1.000000000000000,1.792391689498250
RSV012,1.000000000000000,1.000000000000000,1.079181246047620
RSV008,0.000000000000000,0.000000000000000,0.602059991327962
RSV003,1.000000000000000,1.000000000000000,1.230448921378270
RSV011,1.000000000000000,1.000000000000000,1.113943352306840
RSV005,0.000000000000000,0.000000000000000,0.477121254719662
RSV014,1.000000000000000,1.000000000000000,1.255272505103310
