SubjectID,SC1,SC2,SC3
H1N1_DEE3_Subject_1,1,0,0.778151250383644
H1N1_DEE3_Subject_10,1,1,1.46239799789896
H1N1_DEE3_Subject_11,1,0,0.477121254719662
H1N1_DEE3_Subject_12,1,1,1.56820172406699
H1N1_DEE3_Subject_13,1,1,1.32221929473392
H1N1_DEE3_Subject_14,0,0,0.0
H1N1_DEE3_Subject_15,1,0,0.778151250383644
H1N1_DEE3_Subject_16,0,0,0.0
H1N1_DEE3_Subject_17,1,1,1.38021124171161
H1N1_DEE3_Subject_18,0,1,1.23044892137827
H1N1_DEE3_Subject_19,0,0,0.301029995663981
H1N1_DEE3_Subject_2,0,1,1.17609125905568
H1N1_DEE3_Subject_20,1,1,1.44715803134222
H1N1_DEE3_Subject_21,0,1,0.954242509439325
H1N1_DEE3_Subject_22,0,0,0.0
H1N1_DEE3_Subject_23,1,0,0.0
H1N1_DEE3_Subject_24,0,0,0.0
H1N1_DEE3_Subject_3,1,1,1.04139268515822
H1N1_DEE3_Subject_4,0,0,0.0
H1N1_DEE3_Subject_5,0,1,0.845098040014257
H1N1_DEE3_Subject_6,1,1,1.04139268515822
H1N1_DEE3_Subject_8,1,1,1.30102999566398
H1N1_DEE3_Subject_9,1,1,1.54406804435028
