SubjectID,SC1,SC2,SC3
5021,1.000000000000000,1.000000000000000,0.903089986991944
5011,0.000000000000000,0.000000000000000,0.477121254719662
5002,1.000000000000000,1.000000000000000,1.531478917042260
5001,1.000000000000000,1.000000000000000,0.903089986991944
5005,0.000000000000000,0.000000000000000,0.698970004336019
5016,0.000000000000000,1.000000000000000,1.113943352306840
5017,1.000000000000000,0.000000000000000,0.602059991327962
5003,0.000000000000000,1.000000000000000,1.079181246047620
5015,0.000000000000000,1.000000000000000,0.954242509439325
5013,0.000000000000000,0.000000000000000,0.000000000000000
5009,0.000000000000000,1.000000000000000,1.230448921378270
5007,1.000000000000000,0.000000000000000,0.778151250383644
5008,0.000000000000000,1.000000000000000,1.568201724066990
