SubjectID,SC1,SC2,SC3
4046,1.000000000000000,1.000000000000000,1.579783596616810
4032,1.000000000000000,1.000000000000000,1.591064607026500
4045,1.000000000000000,1.000000000000000,0.954242509439325
4031,0.000000000000000,0.000000000000000,0.301029995663981
4037,1.000000000000000,0.000000000000000,0.698970004336019
4033,1.000000000000000,1.000000000000000,1.113943352306840
4038,1.000000000000000,0.000000000000000,0.000000000000000
4035,1.000000000000000,0.000000000000000,0.000000000000000
4041,1.000000000000000,0.000000000000000,0.477121254719662
4039,1.000000000000000,0.000000000000000,0.698970004336019
4048,0.000000000000000,0.000000000000000,0.301029995663981
4047,0.000000000000000,1.000000000000000,0.845098040014257
