SubjectID,SC1,SC2,SC3
16,1.000000000000000,1.000000000000000,1.361727836017590
1,0.000000000000000,1.000000000000000,1.113943352306840
2,0.000000000000000,0.000000000000000,0.477121254719662
3,1.000000000000000,1.000000000000000,1.079181246047620
4,1.000000000000000,1.000000000000000,1.301029995663980
5,1.000000000000000,1.000000000000000,0.954242509439325
6,1.000000000000000,1.000000000000000,1.477121254719660
7,1.000000000000000,1.000000000000000,1.477121254719660
8,0.000000000000000,0.000000000000000,0.301029995663981
9,1.000000000000000,1.000000000000000,1.000000000000000
10,0.000000000000000,1.000000000000000,1.000000000000000
11,1.000000000000000,1.000000000000000,0.903089986991944
12,1.000000000000000,0.000000000000000,0.301029995663981
14,0.000000000000000,0.000000000000000,0.301029995663981
17,1.000000000000000,0.000000000000000,0.301029995663981
18,0.000000000000000,0.000000000000000,0.301029995663981
19,0.000000000000000,0.000000000000000,0.602059991327962
20,1.000000000000000,1.000000000000000,1.204119982655920
13,0.000000000000000,0.000000000000000,0.000000000000000
15,1.000000000000000,1.000000000000000,1.146128035678240
